0,18,1,53
1,22,0,170
7,22,0,102
4,51,19894849876
4,51,19894849876
4,46,2943942057
1,22,0,56
4,16,181
5,18,1,2
4,11,13
4,11,13
1,18,1,2
6,18,1,2
4,16,236
4,21,1616
4,11,11
1,18,1,2
7,18,1,2
4,36,4531243
4,26,15642
4,16,143
4,41,230245068
1,18,1,2
5,22,0,42
4,16,189
4,26,48823
4,26,27242
1,18,1,2
6,22,0,52
4,16,122
4,36,12737260
4,26,47853
1,22,0,80
4,16,48
4,16,159
4,16,180
4,16,254
4,16,251
4,41,29686175
4,11,8
1,18,1,2
4,16,168
4,16,85
3,18,1,4
4,26,41667
4,26,47442
4,16,17
4,21,522
1,18,1,2
5,18,1,2
4,16,221
4,16,221
4,16,20
1,18,1,2
4,16,173
6,18,1,2
0,22,0,33
4,11,2
4,11,3
4,11,10
0,22,0,33
4,11,13
4,11,2
4,11,13
1,18,1,2
4,21,3464
5,22,0,72
4,41,48576270
4,31,522396
4,31,482870
4,11,5
3,18,1,2
4,11,15
4,36,9381893
4,16,43
4,16,202
1,18,1,2
4,26,47546
6,22,0,110
0,22,0,33
4,11,11
4,11,4
4,11,13
0,22,0,33
4,11,14
4,11,10
4,11,7
2,22,0,135
4,41,235690931
4,16,169
4,41,62133195
4,21,3737
4,16,124
0,22,0,99
4,21,1938
4,21,2366
4,16,213
4,41,48533572
1,22,0,81
4,16,97
7,18,1,2
4,21,2834
4,26,22685
1,18,1,2
5,22,0,32
4,16,249
4,16,242
4,11,2
2,18,1,3
4,21,434
4,31,729485
4,31,603849
0,22,0,161
1,22,0,33
4,11,13
4,11,13
4,11,3
1,18,1,3
4,11,10
4,11,15
4,11,2
1,22,0,33
4,11,11
4,11,5
4,11,9
3,22,0,21
4,21,794
1,18,1,4
4,16,51
4,16,203
4,11,10
4,16,16
1,22,0,16
4,16,235
2,18,1,2
4,11,14
4,11,7
0,18,1,3
4,36,13316900
4,56,251796594212
4,11,4
4,16,41
1,18,1,3
0,18,1,3
4,11,11
4,11,8
4,11,10
0,18,1,3
4,11,13
4,11,10
4,11,8
0,18,1,3
4,11,5
4,11,13
4,11,15
1,18,1,2
6,22,0,42
4,21,682
4,21,682
4,21,4026
2,22,0,398
3,18,1,1
1,18,1,1
3,22,0,340
1,18,1,1
3,22,0,300
2,22,0,278
2,22,0,256
3,18,1,1
2,22,0,216
2,18,1,1
1,22,0,176
1,22,0,154
2,18,1,1
0,22,0,114
3,22,0,92
0,18,1,1
3,18,1,1
1,18,1,1
3,22,0,16
4,16,201
1,18,1,2
4,51,54523126121
6,18,1,2
4,21,3315
4,16,38
0,22,0,27
4,11,9
4,16,161
4,31,110954
1,22,0,90
4,16,74
5,22,0,52
4,26,36484
4,26,56992
4,11,12
1,22,0,48
4,16,86
4,16,143
4,16,55
0,22,0,11
4,11,6
1,18,1,2
5,22,0,106
0,22,0,33
4,11,13
4,11,10
4,11,10
0,18,1,3
4,11,3
4,11,8
4,11,5
4,41,24322713
1,22,0,90
4,21,646
6,22,0,47
4,31,634698
4,16,137
3,22,0,83
4,41,259854214
4,16,40
4,26,48345
0,22,0,130
4,31,923393
4,41,38595112
4,21,3796
4,26,39162
4,11,3
1,18,1,2
4,16,93
5,18,1,2
0,22,0,33
4,11,15
4,11,13
4,11,4
0,18,1,3
4,11,9
4,11,9
4,11,8
1,18,1,2
6,22,0,42
4,21,1045
4,21,1045
4,26,49663
2,22,0,11
4,11,1
1,22,0,155
7,22,0,102
0,18,1,3
4,11,12
4,11,11
4,11,3
0,18,1,3
4,11,12
4,11,7
4,11,14
4,31,782952
3,18,1,5
4,21,2461
4,36,15861028
4,26,6099
4,31,600958
4,11,10
2,22,0,104
4,21,4025
4,21,706
4,41,155717894
4,21,1685
