1915
8329
2320
8367
9991
3436
9254
359
1710
9792
8684
4762
7587
3430
6429
6968
8116
6827
2152
693
333
6368
268
290
3473
9096
5108
7526
3520
5953
2542
8532
2603
7530
4666
492
7630
5391
2024
912
600
5880
3783
3826
1957
812
5333
2436
6660
3336
2913
1891
4554
8762
319
3048
1063
253
4451
1333
7924
6695
1036
2805
9696
1369
5825
8605
6099
8740
3838
6990
5251
1321
1051
5259
3227
3972
8006
7512
5924
596
692
8188
7000
5017
3085
8850
3043
6556
9822
7658
4125
6389
2639
3063
7995
2198
1540
9923
5624
1933
672
7221
5888
9764
7289
3281
4792
857
9868
7253
1507
3251
152
1918
3321
151
189
8206
5994
5460
995
9048
594
5086
1258
9190
6315
4462
1217
42
8144
4613
963
9893
5546
6913
479
8706
4312
6461
6243
1432
2039
3369
7646
2822
3240
8242
2610
7509
9000
1962
2922
1531
2703
4292
3562
8292
9665
1573
6278
2322
9956
2663
3030
136
2509
2654
6226
4837
226
3190
3981
3303
9424
304
3275
2733
9075
2484
6032
7837
1245
4232
9025
7213
3825
9824
7405
5363
1498
5832
9169
5547
2533
7773
4456
8296
Total : 933305
