999999999999999999999999999999999999999999999999999999999999999999999999999999999999999999999999999999
976545989543210954101257987545789998943234567893498789012987432347678978999876542345678954932396567989
965434878959929873242345995434679987899345678932987678929876431234579767899987621234567899891987689879
976323567898898765353459876547889876788976789549976567899987844345789656999998782446789979789999998769
975434878966739876767678989956898765567897897698765456989998965499894349887999543459898967678998867659
998545679654323989898989599877899873478998998797654345678939876989995498776698756567987656569987654549
987677789543212397999795452998978982589769899898985456799321989879876987654579897678976543439876543239
998789897659323456899654321349567893499656789999876569989910198767989876543467998989987432123987876349
999899999798964567898765410123478987678945678998987698979891987656899965432356789699876321012398965459
999999878987897678999854321234567898989936789987898987967789876546778976521246896598765432125489876569
989998767656789989899965432345678999697897999876789976555698989434568943210345695439878544334678987679
978987654545789496789878543456889899546569898765498765434567898523457896321234589323987676548789498789
969876543234694345897989754587995698932398769572349876323478987612456895432345678934998989659894329999
956987655456789956956998765698934567891987654321456987434569876501568976567456899949899898999989499769
945698776587999899549879876789745678910198985476568998567698987414567897898567899898789657989879987659
935679989699898778969965987897656789434239876687679569678987654323678998939798998767679545678968999949
923576798798787667898954598998998896546545989799793498789398985434989879919899997656568936789657987899
912345899987696554567993499789129987987776798998995569893219876545678968899999976543467897996549876789
903956793199432423456789987678998798999887897987889678965323997656789656789098765432345998989434989899
919899894298321012367899876569987659767999986746679989876494998878894345992149876531259899878923499949
998789989987632123678954985478998943459998765434568992987989899989973239899239874320145789769894578939
988678979876547234567895976349899894598987656325667893498976789997654398798949865421234568956789989129
976589567987656745679999997456789789987698543201758989599865698998765987677899976562545899345998892019
965456978999868976789898998698995699876569654312345678987754587899876996546789988677676789109876789129
976567899989979989899767898789234988995498765326789799876543496899989865435679999888789893299765678939
987898912976989793987653989895499876789329987435699898767432345679899954321788987999897994987654589899
998989899754597632098799878999989765678919876567987959754321256989798765432367896423956789876543456789
949876789843489543459989767898765654578909997678976549865430267897679876743458943210245678985432345679
939865678954678959569878956789754343569998798889985432976545348954556987656678959332358789874321034589
998954567895789998998767245679543212345987659997894321987856759543247898877799998943456998765532126679
967543456789899987987652134795432101459876545456789445698967869432123989988899987954567899876643335699
954212347899999876798543746789543212598765432345996556799878978941039877699999976895678998999656546989
943101236789999765987654656789985423679654321236987697986989989652123965567898765789789987688987659879
955232345999987654398765667899876564598765210127899789875498999543349654348987654678999996567898798769
976543456789898763219896998921987678679986432238989899986347898764498965259876543567899865476789899859
987959597898789875301987899210198789899876543545678978997456789878987654345988762456998754345678989549
999898989997698765452398965421999999997987654697989767998987895999398785456797651239876543234569876539
998767878989549896543459875435789349876599868789399959899399954323239899597975432457985452123478967429
999856765679698987654678976649891234985478979890239896789247895410123998989876743569876321014989654319
996543244569987898985679998799910129996567989989398765690156789321434987878987895698765434123598943209
987432123458976989876889879899891398987678995678999878943237999932549876567898998789896543234567894319
998545994567895878987998767978789997899799234569998989654349899893459865456999329999987654345678965429
979656785678934369998987654565679876799892123778987698765598789789598773217899219898998787556789765439
967987896789321258999876543434598765789976024579976539876989678698987662108678929797899898678899876549
956798987895432347899997432123459654698765434589432123989878569567898543214569997676789998789910989679
942989698976545456789876543434598765689877545678943234599965432456987664323789876545698999998929898789
959876549987876797999987656545699876789998656789656546988754421344598875435698765434587898767898769899
967985434598987898989998767678989987894349767899987859876543210123459987645987654323456789654987654989
979876323679998919677899898989878598993259878999898998987655321334989998789098543212345898743499865679
998765214598959101456943939998767459789767989998799987698767436545678989999198732101456989432359876789
987654104987543212348932125987654345678979499987689999549878587956789679878969543212345678921269987899
976543212398754365457893434598767456789989349896565898920989699897894598965459674343456789210198998939
989874323898765876567897545679878967892398959765454767891299989789943987654298765455597899923987659129
998765434789876987699999678789989898974567898954323456789349876567892198732129876567679999899876541019
999876545699988998988998989898998789765678987893212345789498965458989987541014987678989998789865432129
999989876789699109877787899987687678989789896789101237897987654356678999689123698789599897698976563239
989497987996543298965656789876576568999898785694342368976987543234587898798934589893456789567987874349
979396598999656987854545678985425467889987654589463458965976532123456789987995678932345695432399965659
968989469998969876763234589876512345678998767678954567899874321012345899896789789421234989321239878769
956878999987899965432127678985401456789999878989765879989965432123476798785678995430145678932345989879
945466789876789876521034567894322345899899989899876989779876543234567987654569876541656789545456799989
932345679865689976532123678965434456789789498767987897664987656345678998743458965432367997656767899999
943456798754767987654354589876545987897654327656898976543298867976789329652127897543478998987878998879
956789899943656798965475699988956798998767415345899865432129998989995499843456789654589999798989456769
987892999762345699996586789399767899989988101256789876541092129997459987657567898765678987639994324459
998910198763456789987697899239878929876543232369899987832989999876598998768678939876899876512999212349
979423239654769890198788998959989210997984345879999998949878889987987899899789323987892997409878925459
965434998767878932989899987898999331298976596789898999998765678998976987999893212398993989219767896569
996549879878989949878999876767898965349997989898787899987654378999865456789965601239789878998756789679
987698765989399898767898765456967896456989878987656789876543267997654345698976712345698767976545899989
998797654391238789856987654345456789569878767896545678999767159876543234567899823678987656798636899899
999989743210123678943498543212345678998767656789434567898979245987654348789965434567898768899545998789
998767954321234569992987654101234567899656345678925678987898976798765659899976565678969899998757897679
919656899432345678989498765235345678998543234567896789876987897999896967998798976799456910129867975459
929545678999996789978349878546789789987654145678987898765446789899987898989659698954348891297998965359
998766989787889899863256989987899893498765658789998999654335678789998929678934599543239789986569654219
949887897676878999654347895898943912349876767898999987653223465678989012569323987674345699973457992109
934998998565667898768958934789432101234989898967899998932101234578974323478994998765678789862349879219
923459789434556789879769123679549345345699919358898989543214345689965436569989899976789897653498768999
912345678912345897989878934598998956756989101236797678985435656799876545789878789987891998765987657989
901234599323456976799999545987897898969878512345696569876546787899987656898766678998932349876798946269
912456789434567895678999679876576789899865434476789456998657898999998987897654567899893499987899835159
923568997675678934567998998984345698789878947587892345699768989998769498976543456798794989998998721039
939879998786789123459876567899234599656989967698943456789899876897656349899932347989689878999987632129
945989879897899234598765445678945987545699878789654678898998765998743298787893459876576767899876543239
966798767998998545698654334569656799876789989899765679987899654999654987676789598765425459899987654349
978989656789987656987652123688967899987896595978976789876789969898769876545678999843212345789998965459
989878943897898767898543234567899989998987434567897899965679898789878985434689998932103456899999876789
994569542456789898999656765678998979899196545689998999876798799678989876589790987643214567999895989899
976778921345678929798767898789987758789097986793469891987987678567899987678891997654323478998754598999
987899210126789434599878929898996547676989987912356790199876583476989998989919898998436789987643456799
998994321234899945989989019977895434575678998923467891298765452365878999396909789987645895698532367899
999987434845698899978992198756954321434567999434567892987654321234567893234897656799656944569321258989
998996545676987798767899239945895210123458989549678989998776510123478974356789545679878923998932345679
987987656799876549879998999656794321234769978998789678989984321234789765667895434769989439877893456789
976598987898787434999987988967895434545698969899898548678998432545678989779954323458996598765689567999
965469798987654325789986677998976547676987856789976436567987543656789599989765412767989698764899698969
954353679998785434589985466789987678999876545678965323456797654767893459999876525679878976873498999459
943212567899876765679876345678998789989983234569894212367898765878942338989987434598767895432467894349
932103456789989876789987456889549899875692123456789654567899876989431027678998545987658976521256793239
954214567891099997899876567895434998764321012347898765678910997896568134569329656798549998732345689129
999999999999999999999999999999999999999999999999999999999999999999999999999999999999999999999999999999
